2 0.106250 0.956250 0.156250 0.087500
2 0.045312 0.796875 0.090625 0.156250
2 0.042188 0.500000 0.084375 0.150000
2 0.034375 0.632812 0.068750 0.121875
2 0.239844 0.795312 0.123438 0.103125
2 0.252344 0.530469 0.142187 0.117188
2 0.363281 0.403125 0.114062 0.118750
2 0.953125 0.882812 0.093750 0.146875
2 0.882812 0.719531 0.171875 0.170313
2 0.895312 0.584375 0.103125 0.068750
2 0.852344 0.513281 0.173437 0.101562
2 0.868750 0.392188 0.106250 0.096875
2 0.967187 0.392969 0.053125 0.073438
2 0.684375 0.169531 0.156250 0.139063
2 0.965625 0.297656 0.062500 0.070312
2 0.448437 0.934375 0.128125 0.131250
2 0.382812 0.750000 0.084375 0.093750
