2 0.771094 0.459375 0.229687 0.162500
2 0.535937 0.305469 0.134375 0.110937
2 0.482031 0.388281 0.095312 0.051562
2 0.499219 0.739062 0.067187 0.034375
2 0.345313 0.616406 0.134375 0.107813
2 0.757031 0.857812 0.057813 0.053125
2 0.647656 0.900781 0.032813 0.045312
2 0.539844 0.855469 0.079687 0.073438
2 0.447656 0.853125 0.051562 0.062500
2 0.377344 0.912500 0.048438 0.056250
2 0.143750 0.992188 0.075000 0.015625
2 0.031250 0.978125 0.043750 0.025000
2 0.016406 0.913281 0.032813 0.039062
2 0.009375 0.820312 0.018750 0.040625
2 0.260156 0.284375 0.064062 0.050000
2 0.435937 0.377344 0.096875 0.092188
2 0.625781 0.046094 0.089063 0.079687
