2 0.031250 0.104688 0.062500 0.128125
2 0.210156 0.137500 0.101562 0.081250
2 0.192188 0.387500 0.115625 0.087500
2 0.275781 0.522656 0.089063 0.095312
2 0.918750 0.157812 0.118750 0.115625
2 0.807031 0.296094 0.139063 0.135937
2 0.800781 0.425000 0.089063 0.050000
2 0.753125 0.488281 0.150000 0.064062
2 0.753125 0.606250 0.087500 0.075000
2 0.845313 0.616406 0.040625 0.064062
2 0.550000 0.790625 0.125000 0.106250
2 0.832812 0.705469 0.046875 0.060937
2 0.921875 0.778125 0.068750 0.081250
2 0.976562 0.310937 0.046875 0.078125
2 0.426563 0.043750 0.096875 0.087500
2 0.339844 0.198437 0.067187 0.078125
