2 0.899219 0.905469 0.129688 0.098437
2 0.735156 0.752344 0.151562 0.123438
2 0.567969 0.738281 0.179688 0.170313
2 0.292969 0.507031 0.123438 0.145313
2 0.282031 0.713281 0.157812 0.176563
2 0.259375 0.931250 0.112500 0.137500
2 0.026562 0.781250 0.053125 0.131250
2 0.635156 0.549219 0.095312 0.110937
2 0.682031 0.647656 0.095312 0.082812
2 0.968750 0.614062 0.062500 0.046875
2 0.949219 0.744531 0.079687 0.089063
2 0.744531 0.394531 0.120313 0.132812
2 0.907031 0.482031 0.107813 0.114062
2 0.813281 0.607031 0.101562 0.101562
2 0.521094 0.542969 0.092188 0.104688
2 0.110156 0.549219 0.164062 0.154688
2 0.146094 0.761719 0.098437 0.148438
2 0.612500 0.957812 0.150000 0.084375
2 0.395313 0.076563 0.146875 0.153125
