2 0.428125 0.282031 0.131250 0.207813
2 0.607812 0.491406 0.090625 0.120313
2 0.539062 0.556250 0.040625 0.087500
2 0.200000 0.573438 0.025000 0.059375
2 0.339844 0.707031 0.085938 0.120313
2 0.051562 0.345313 0.046875 0.053125
2 0.021875 0.451562 0.037500 0.028125
2 0.081250 0.547656 0.056250 0.070312
2 0.099219 0.636719 0.054688 0.042188
2 0.049219 0.711719 0.048438 0.042188
2 0.004687 0.942187 0.009375 0.065625
2 0.670312 0.754687 0.040625 0.059375
2 0.557031 0.595313 0.082812 0.084375
2 0.846094 0.375781 0.067187 0.076563
