2 0.067187 0.525000 0.084375 0.068750
2 0.194531 0.553125 0.139063 0.081250
2 0.081250 0.673438 0.162500 0.140625
2 0.039062 0.850000 0.078125 0.087500
2 0.171875 0.900000 0.106250 0.075000
2 0.061719 0.942969 0.054688 0.060937
2 0.037500 0.982812 0.075000 0.034375
2 0.156250 0.989062 0.081250 0.021875
2 0.275000 0.857031 0.050000 0.101562
2 0.385156 0.853906 0.101562 0.064062
2 0.504687 0.778906 0.115625 0.101562
2 0.449219 0.651563 0.179688 0.121875
2 0.510938 0.869531 0.084375 0.057813
2 0.544531 0.959375 0.089063 0.075000
2 0.371875 0.981250 0.056250 0.037500
2 0.688281 0.537500 0.095312 0.118750
2 0.717187 0.791406 0.084375 0.101562
2 0.900000 0.929688 0.112500 0.084375
