2 0.786719 0.062500 0.117188 0.081250
2 0.684375 0.249219 0.137500 0.104688
2 0.527344 0.301563 0.160938 0.153125
2 0.339062 0.592187 0.103125 0.134375
2 0.266406 0.392969 0.132812 0.160938
2 0.173437 0.185156 0.096875 0.126562
2 0.228125 0.051562 0.112500 0.096875
2 0.010937 0.390625 0.021875 0.118750
2 0.650000 0.472656 0.081250 0.101562
2 0.667969 0.366406 0.085938 0.070312
2 0.981250 0.135937 0.037500 0.090625
2 0.950781 0.325781 0.070312 0.039062
2 0.886719 0.209375 0.067187 0.081250
2 0.806250 0.595313 0.100000 0.121875
2 0.928125 0.475781 0.093750 0.101562
2 0.804688 0.374219 0.090625 0.092188
2 0.543750 0.507031 0.075000 0.095312
2 0.153125 0.588281 0.143750 0.139063
2 0.121094 0.374219 0.073438 0.142187
2 0.487500 0.056250 0.125000 0.112500
2 0.576562 0.957812 0.128125 0.084375
