2 0.607031 0.900781 0.089063 0.101562
2 0.550000 0.769531 0.112500 0.164062
2 0.443750 0.906250 0.187500 0.187500
2 0.265625 0.970313 0.112500 0.059375
2 0.184375 0.858594 0.100000 0.129688
2 0.159375 0.973437 0.075000 0.053125
2 0.107813 0.985938 0.084375 0.028125
2 0.057031 0.894531 0.107813 0.101562
2 0.208594 0.739844 0.117188 0.067187
2 0.190625 0.621094 0.087500 0.123438
2 0.246875 0.480469 0.131250 0.142187
2 0.394531 0.514844 0.164062 0.217188
2 0.153906 0.489844 0.076563 0.098437
2 0.048438 0.469531 0.096875 0.107813
2 0.052344 0.656250 0.060937 0.068750
2 0.014063 0.560937 0.028125 0.096875
2 0.471875 0.239844 0.143750 0.123438
2 0.193750 0.253906 0.125000 0.107813
2 0.032813 0.081250 0.065625 0.131250
