2 0.853125 0.932813 0.156250 0.128125
2 0.726562 0.896875 0.065625 0.068750
2 0.976562 0.660937 0.046875 0.121875
2 0.126562 0.925781 0.096875 0.101562
2 0.109375 0.770312 0.212500 0.159375
2 0.510938 0.660937 0.084375 0.103125
2 0.970313 0.514062 0.059375 0.128125
2 0.804688 0.349219 0.115625 0.092188
2 0.681250 0.201563 0.081250 0.096875
2 0.523438 0.117969 0.115625 0.142187
2 0.306250 0.048438 0.106250 0.096875
2 0.278125 0.271875 0.137500 0.200000
2 0.217188 0.453906 0.121875 0.157812
2 0.071875 0.146875 0.087500 0.137500
2 0.029687 0.937500 0.059375 0.125000
