2 0.050000 0.007812 0.087500 0.015625
2 0.062500 0.112500 0.125000 0.093750
2 0.182031 0.133594 0.057813 0.054688
2 0.743750 0.051562 0.081250 0.084375
2 0.779687 0.196875 0.184375 0.118750
2 0.414844 0.337500 0.067187 0.087500
2 0.010937 0.517188 0.021875 0.103125
2 0.182031 0.654687 0.101562 0.071875
2 0.317969 0.781250 0.067187 0.081250
2 0.475781 0.843750 0.095312 0.118750
2 0.693750 0.914062 0.081250 0.128125
2 0.686719 0.678906 0.104688 0.170313
2 0.721094 0.500781 0.098437 0.132812
2 0.896875 0.775000 0.068750 0.118750
2 0.856250 0.039062 0.087500 0.078125
